9.3261 1 1
10.5692 2 2
12.4341 3 3
0.0000 1 0
14.9205 4 4
0.5335 2 1
18.0284 5 5
9.4142 0 1
21.7579 6 6
1.6055 1 2
26.1090 7 7
10.8284 3 2
3.2249 2 3
31.0816 8 8
5.4021 3 4
12.9387 4 3
36.6758 9 9
8.1480 4 5
15.7342 5 4
42.8913 10 10
11.4721 5 6
49.7285 11 11
19.2042 6 5
15.3827 6 7
57.1871 12 12
23.3391 7 6
19.8864 7 8
65.2671 13 13
28.1306 8 7
73.9686 14 14
24.9889 8 9
33.5720 9 8
83.2915 15 15
30.6944 9 10
39.6577 10 9
93.2356 16 16
37.0062 10 11
46.3834 11 10
103.8013 17 17
43.9270 11 12
114.9880 18 18
53.7459 12 11
51.4588 12 13
126.7962 19 19
61.7422 13 12
59.6035 13 14
139.2255 20 20
70.3704 14 13
68.3622 14 15
152.2760 21 21
79.6285 15 14
77.7362 15 16
165.9475 22 22
89.5154 16 15
87.7263 16 17
180.2403 23 23
100.0297 17 16
98.3331 17 18
195.1541 24 24
111.1706 18 17
109.5574 18 19
210.6888 25 25
122.9373 19 18
121.3993 19 20
226.8445 26 26
135.3291 20 19
133.8596 20 21
243.6211 27 27
148.3455 21 20
146.9386 21 22
261.0187 28 28
161.9861 22 21
160.6362 22 23
279.0369 29 29
176.2502 23 22
174.9528 23 24
297.6759 30 30
191.1380 24 23
189.8887 24 25
316.9356 31 31
206.6486 25 24
205.4440 25 26
336.8158 32 32
222.7821 26 25
221.6186 26 27
357.3166 33 33
239.5381 27 26
238.4130 27 28
378.4379 34 34
256.9164 28 27
255.8268 28 29
400.1796 35 35
274.9168 29 28
273.8606 29 30
422.5416 36 36
293.5393 30 29
292.5140 30 31
445.5240 37 37
312.7834 31 30
311.7870 31 32
469.1266 38 38
332.6491 32 31
331.6800 32 33
493.3492 39 39
353.1363 33 32
352.1927 33 34
518.1918 40 40
374.2447 34 33
373.3251 34 35
543.6546 41 41
395.9744 35 34
395.0775 35 36
569.7371 42 42
418.3250 36 35
417.4494 36 37
596.4394 43 43
441.2966 37 36
440.4413 37 38
623.7615 44 44
464.8889 38 37
464.0527 38 39
651.7032 45 45
489.1020 39 38
488.2838 39 40
680.2644 46 46
513.9355 40 39
513.1345 40 41
709.4450 47 47
539.3896 41 40
538.6047 41 42
739.2452 48 48
565.4639 42 41
564.6945 42 43
769.6644 49 49
592.1585 43 42
800.7029 50 50
591.4037 43 44
619.4731 44 43
832.3604 51 51
618.7323 44 45
864.6367 52 52
647.4077 45 44
646.6801 45 46
897.5322 53 53
675.9622 46 45
675.2473 46 47
931.0462 54 54
705.1363 47 46
704.4335 47 48
965.1789 55 55
734.9302 48 47
734.2390 48 49
999.9302 56 56
765.3436 49 48
764.6634 49 50
796.3765 50 49
795.7068 50 51
828.0286 51 50
827.3689 51 52
860.2999 52 51
859.6500 52 53
893.1903 53 52
892.5496 53 54
926.6996 54 53
926.0677 54 55
960.8277 55 54
960.2044 55 56
995.5746 56 55
994.9594 56 57
